11 9 2024 255 -2 -1 1 -2 -1
12 9 2024 256 -1 -1 1 1 -1
13 9 2024 257 -2 -1 1 -2 1
14 9 2024 258 -2 -1 -2 -1 1
15 9 2024 259 -2 -1 -2 -1 -2
16 9 2024 260 -2 1 -2 1 1
17 9 2024 261 -2 -2 1 1 1
18 9 2024 262 -1 -1 -1 -2 -1
19 9 2024 263 -2 -1 -1 -2 1
20 9 2024 264 -1 -1 -2 -2 -1
21 9 2024 265 -2 -1 -1 -2 1
22 9 2024 266 -2 -2 -1 -2 1
23 9 2024 267 -2 1 -1 -2 1
24 9 2024 268 -2 -2 -1 -2 -2
25 9 2024 269 -2 -2 -1 -2 -2
26 9 2024 270 -2 1 1 -2 1
27 9 2024 271 -2 1 -2 -2 1
28 9 2024 272 -2 -2 -1 -1 1
29 9 2024 273 -2 -2 1 -2 -2
30 9 2024 274 -2 -2 1 -2 1
1 10 2024 275 -2 -2 1 -2 -2
2 10 2024 276 -2 -2 1 -2 -2
3 10 2024 277 -2 -2 1 1 -2